id,Class_1,Class_2,Class_3,Class_4,Class_5,Class_6,Class_7,Class_8,Class_9
49503,0.001452722042524019,4.79014270310002e-05,3.820646606820978e-07,6.4094979184401815e-06,7.591548224291478e-09,0.9711160961455344,0.0012124998365218092,0.025817359575023197,0.00034662181923800293
49504,2.1510239983169337e-06,2.992454065843037e-08,3.4331621592165693e-11,5.146984121737771e-13,9.278130983239652e-17,0.010809826295783366,1.5657454252759284e-10,0.9891840075751143,3.984989142413803e-06
49505,0.00848169398487984,7.621424466639794e-05,2.587716188153621e-06,7.194629598548417e-06,2.1499854456993238e-08,0.014337192086167029,0.00017478563022778448,0.9756802179220467,0.0012400922863712227
49506,8.733037052488646e-14,8.553167589442736e-15,5.442041564264662e-18,3.4952699843080097e-19,8.331588678560347e-18,9.089873864340564e-11,5.532034592938327e-12,0.9999999999032751,1.9817128668439415e-13
49507,1.3521804901431459e-05,0.8663955360696051,0.12405671145578372,0.003620031530778943,0.004490655913292386,3.032810376313037e-05,0.0011438814776934929,0.00017678729893296337,7.254634524900332e-05
49508,0.0025418637898753796,0.04859664664409239,0.6006719402339957,7.908536420940487e-05,1.1969287064230358e-05,1.6140712895653034e-05,0.34245423174136624,0.005616179981189045,1.1942245311941047e-05
49509,3.4238888050582885e-26,1.653638216043051e-21,1.5232563917852017e-23,3.934740497896327e-17,4.866399111733992e-22,0.9999999999999978,2.054538013029536e-15,1.720019946379565e-16,1.7524094874731587e-26
49510,2.187039495596549e-05,0.27760776356380124,0.4907482307714883,0.2307679465127128,4.8064669973103735e-05,1.2748770474238126e-06,0.0006484219203603598,0.00013222644014767654,2.420084951326152e-05
49511,1.569510780417774e-13,2.7124274090277948e-12,1.0039929218492518e-13,1.8602787702726916e-10,1.3145866544009408e-12,0.9999999850616126,1.4239232432319226e-08,5.087296755294944e-10,1.131127225304257e-13
49512,0.0011308766209564758,6.714869905045177e-06,1.1358692268725828e-06,3.7829392946570776e-05,3.0324025494705126e-06,0.9950641985635289,0.002869472185636212,0.0005432037368909647,0.00034353635835924096
49513,4.732683542130997e-06,0.21994725771754284,0.030797158155616348,0.7485270747036052,0.00019660444809019992,9.418362522279686e-06,0.0005120912099743495,1.8563514810861187e-06,3.8063676255434863e-06
49514,1.095210969118218e-09,5.7380467134754804e-08,9.390796236466073e-09,2.944927516528374e-12,3.3772248288838167e-13,8.477008580235602e-08,1.2591435582028489e-08,0.9999998115663129,2.3202408620517506e-08
49515,0.00033101002915324077,0.001963358875685967,1.175319127410806e-06,0.03099087264877983,0.9529698988592734,0.00019101884828157055,0.0002698309775069007,0.0003032726353441786,0.012979561806847456
49516,3.884862493863946e-06,0.9750750788521572,0.024104592164425603,0.0006731460570960074,3.2260030991756077e-05,3.423662113145899e-07,8.539660135767924e-05,2.4147930584543026e-05,1.151134681945848e-06
49517,0.0003770822075313368,2.4358558386321546e-06,4.416651437801268e-09,2.180946580845696e-05,6.1229009485469e-11,0.9971599314571179,0.0004879813036956707,0.001881690238408215,6.906499371921991e-05
49518,0.5637720860491527,1.6290547994812083e-05,2.6577759809761383e-07,3.4276445791231325e-07,3.1515765506755993e-06,0.005033541587499668,0.008157656381074562,0.41188597122281956,0.011130694092852049
49519,2.4537503385630035e-06,1.4562192639315187e-08,1.4873731305047344e-11,6.898677053182807e-11,6.4362309636323304e-15,0.9940961281229085,5.37612098525687e-06,0.005896019302465348,8.057243001917144e-09
49520,2.1633182661109088e-15,8.021882916845455e-19,2.149713905524638e-21,1.929014167342698e-16,3.228269776897904e-18,0.9999999999874125,1.7512019260364445e-12,1.0829932612126419e-11,3.9516461319947856e-15
49521,0.006739578379190991,0.7478256918810787,0.043608533262160874,0.009100279706182818,0.15108315573824505,0.0009712624101139004,0.01571443756945956,0.002586067529342455,0.022370993524225474
49522,1.2668094333134308e-32,4.8508070007655277e-29,1.3131275485685373e-32,1.2295516841218037e-23,5.122634247707446e-30,1.0,1.1942125110792556e-22,1.3912570502511439e-21,5.7926513151683165e-31
49523,0.0014944724979055587,0.4924691338960531,0.38276879292539645,0.0011875711994381176,0.004671779439289873,0.014237424666301103,0.09610377892854635,0.004869023824491497,0.0021980226225778473
49524,0.8251444594882956,0.00011393136395009463,4.901067266356799e-06,2.862665400128391e-06,9.951561338935141e-05,0.04079744035419765,0.04203532225302845,0.02854538151321991,0.06325618568125248
49525,4.060439692712637e-05,0.07612665315963305,0.00011602118137085556,0.022178402602126886,0.8968155883800306,1.8477910529111625e-05,0.0017177627875713142,0.002740152326825335,0.00024633725498595825
49526,8.648899288965112e-12,0.46055518946240076,0.007877887784551016,0.5315657085779941,1.270248020661541e-07,2.6163554250993173e-10,2.6979616861004984e-10,5.420581749499506e-09,1.0811895897826264e-06
49527,0.4400580724558818,6.736383268192939e-22,3.3488238617225675e-31,1.7847829361666888e-41,1.6085984715912087e-33,6.454296961389106e-15,1.1669851353273987e-25,0.559937095307276,4.83223683579181e-06
49528,4.0450205470258947e-07,0.6019217551786101,0.17134099633109767,0.22669507312927178,2.1124007577181097e-05,6.624417749189223e-08,8.90037531394992e-06,3.1779765097357147e-06,8.502255387304153e-06
49529,0.015175283394837015,7.092548506712835e-05,1.3993014693600614e-06,0.007598248362962518,1.666444823398639e-08,0.9460209216709565,0.014316118534415055,0.015732872675498936,0.0010842139103451837
49530,3.4066663094931365e-07,6.4314804362257545e-09,9.17936396657869e-12,3.1317357919229826e-09,6.001139614421424e-13,0.9978801454343955,0.0021159809021102922,3.5233635736383654e-06,6.029399217235194e-11
49531,5.4306725664065235e-06,1.4581303771132272e-06,2.1595682260970842e-07,0.00014585293042054857,0.0002818250281173527,0.9961263573001448,0.0009109857789348587,0.00122743722589432,0.001300436976722157
49532,8.156349736086314e-08,0.7815026004553594,0.21762130867622134,0.000821020869298804,3.9648822082974235e-05,6.463578219404446e-08,7.108666634167239e-06,4.883154686689761e-06,3.2831564373539742e-06
49533,0.00035215092669182676,0.0002567167013590217,1.4370404349841824e-05,0.0005973644294827176,0.005031506651787278,0.8697720895828269,0.0009215905838515024,0.008087342866941547,0.11496686785270932
49534,3.718011010327729e-24,1.390691816359873e-20,1.2007348783736524e-21,5.9974610018782305e-15,4.188657069655613e-20,0.9999999999998399,2.4617059114268666e-14,1.2946529348280702e-13,4.772229011036865e-21
49535,1.485632432262292e-07,9.504061814246085e-06,3.7669915852596393e-06,1.7759018480629172e-08,4.369019775085877e-10,4.50251460887989e-05,3.555514682375822e-07,0.9999382255275661,2.955962313676429e-06
49536,1.216611194015512e-11,1.4554875430295668e-10,1.4194024215332256e-11,2.0723672584297454e-08,6.667978959347152e-11,0.999998100670708,1.86391271717466e-06,1.4452597216545769e-08,1.7161449854401452e-12
49537,0.0005917621859281053,0.0020868430339263996,0.0005979258939910427,3.883482770967431e-06,6.911330428645259e-05,0.0005899492587364233,0.0118930576444588,0.9817926434645476,0.0023748217313544605
49538,8.589942633841228e-06,1.1562029461561286e-10,1.042989778693455e-13,6.394079796793461e-11,2.157970196208421e-11,0.0006041372121175052,9.331783530707611e-07,0.9993861960315409,1.4343410966927245e-07
49539,2.0773226668152428e-10,0.00010997091139757874,0.00033839475299627455,3.1553271008947757e-06,2.7156032459452572e-09,0.0015728925292666106,0.9979755811823398,2.3734611390736064e-09,1.0237732122489533e-13
49540,0.00027423025781468804,8.465856204235413e-06,1.7245978798017654e-07,0.0022172807650441707,4.27436008195583e-09,0.9956447868443363,5.173828921426512e-05,0.0006508009286630785,0.00115252032457521
49541,0.00011616354947785478,1.4492122063671178e-09,4.4947858300529575e-13,6.320340822115462e-08,2.6411404169752657e-11,0.992869274354267,1.1052145429787725e-06,0.00027745334139984507,0.00673593886083078
49542,1.0978291946169698e-09,0.007064021681219072,1.3208308719110499e-09,0.0013397416133441135,0.9915954791381383,2.2122718355918693e-08,3.995739702875874e-08,1.666895221761509e-07,5.263790012508419e-07
49543,0.0005619973607484806,0.46119149446255175,0.5146272942495599,0.000457646448836389,6.972445002400407e-06,6.898379140764666e-05,0.021691177852088298,0.0013861195549257584,8.313834879303742e-06
49544,8.378528308836833e-06,3.095429385383292e-08,7.94913050920282e-11,1.2405336450999355e-11,1.803218571778052e-15,0.09209881355932352,2.2055098637151093e-08,0.9078895722678154,3.182543261513525e-06
49545,0.1390565972826409,5.655435206655439e-10,1.4830345718132076e-16,1.7520975720186257e-23,1.1943458501015462e-17,2.9603436833774795e-05,7.613330202082388e-05,0.8608376572055556,8.207405111187858e-09
49546,2.1104038480879853e-10,0.9991705107349105,0.000808537138413028,2.0698471322811143e-05,2.0096518124195691e-07,1.4390435969180383e-09,6.670978274317118e-09,3.419838344868318e-08,1.0170726907833408e-08
49547,0.30967578089875347,0.000514433028477494,3.0112369939600362e-05,0.30617918728911886,1.1198890072593722e-06,0.0781234169268235,0.30540351064190885,7.206406826840747e-05,3.748877025790631e-07
49548,0.04829338917987189,5.142517126222399e-06,5.274004557010867e-08,6.719029032072913e-06,8.198058527230254e-07,0.9144480218417957,0.02088172930634059,0.0055213969381576,0.01084272864177771
49549,0.00045517604096195085,0.34941821087080444,0.4627954515358431,0.01169895607804506,0.0010230123630487703,0.0035325328064261777,0.17069309178263323,0.0003558347419864672,2.773378025085275e-05
49550,2.6115562286031965e-06,0.9715489167803154,0.027689191603987102,0.0006335430962095094,1.8777792532610793e-05,2.1034969834014222e-07,9.33022449025263e-05,1.2972176883268861e-05,4.743992426084308e-07
49551,0.0036516813293365254,0.00018476899271128023,0.00048634120420622593,1.0151542434909027e-05,5.630636806301458e-06,0.01325022726760083,0.9823817651807647,2.6734483490111806e-05,2.699362648872379e-06
49552,0.0447928745342193,9.918679102629285e-06,7.797401142376118e-08,1.5125228771538292e-09,4.371941218735972e-07,0.00010927460066486016,0.0010522521953280223,0.9539162054181634,0.00011895789186575835
49553,0.1208484351359992,0.00020472021493729567,3.4855765427218423e-06,6.9662625324405754e-06,0.0004161817361903733,0.032467156816363626,0.0010879683322490865,0.2257730775584874,0.619192008366698
49554,0.0018575078526225663,1.2124550472125832e-08,6.917578282481272e-10,0.01447624717340944,3.969583320390041e-07,0.963078952759498,7.288740757703969e-06,1.310507957344927e-06,0.02057828319111468
49555,2.007705499256448e-07,0.9970441848130729,0.002685335288767331,0.00025616565439699713,1.4450520209744286e-06,2.2929333185374023e-07,4.4057586538893495e-07,1.1652095420682741e-05,3.464565739216101e-07
49556,0.014917130126428903,0.00014658613490990617,5.017439328858262e-06,6.191429442251766e-06,3.55224554808738e-07,0.0412625761800143,0.00011060265651430777,0.8296022240199997,0.11394931678880699
49557,5.447020810037368e-06,0.6699176072204863,0.31484059638634365,0.014658477258474656,1.07514215353569e-05,2.187579725535285e-06,0.0005175575999810929,4.512958978403005e-05,2.245922859399915e-06
49558,2.2274963294300864e-05,0.6653122548104768,0.26933828323597375,0.06122774654917795,0.00019701561828050498,0.0015506573332502796,0.001378403144409482,0.0008555254106976784,0.00011783893443926115
49559,0.000349342787755611,0.3756899682204741,0.5266688616304585,0.09209363543956475,0.0002689241744985924,6.024632920032219e-06,0.004661141531139436,8.065856212113782e-05,0.00018144302106762192
49560,4.92767032624109e-05,0.9507633590589628,0.016937489388950094,0.015709480280404402,0.01571611691083645,4.661234689278276e-06,0.00040328549092326566,0.0001599914120687348,0.0002563395199024807
49561,0.00011930691627869123,0.8236984371127759,0.1660227737843005,0.000429198861319844,0.004918641297169783,0.00017575396681298667,0.003888494148846023,0.0001093309128741488,0.0006380629996221157
49562,3.781122233251608e-07,0.9310392200965666,0.052329610538800024,0.01661336291553248,1.1903319481870263e-05,6.138281303236365e-09,3.014678074860885e-06,1.312561715450818e-06,1.1916393240509635e-06
49563,2.448689721740755e-07,2.3497412820326872e-05,2.8220511871616518e-08,0.0007968409239360064,0.9991334494225304,6.118579111291091e-07,3.255586770161476e-05,7.80916141989214e-07,1.1990509474551226e-05
49564,1.919761503395093e-14,1.1152467025248214e-11,1.0802338994932537e-12,3.2036511486712904e-09,3.891320098609064e-12,0.9999995549686231,4.395898133434502e-07,2.221763980230249e-09,5.1082180112665915e-15
49565,0.12668097573657286,2.483744398505233e-06,9.286175553962888e-09,2.354455689930752e-05,2.6981366040492118e-08,0.8522847616391565,0.0066548490097980625,0.0028194137038173926,0.01153393534181554
49566,8.047477961982559e-08,5.183485371566129e-07,1.786484637806962e-08,4.355744022188703e-11,4.941776406462854e-12,1.6775945794687412e-05,1.2484893845217974e-08,0.9999825319811055,6.285154359232569e-08
49567,8.400500516351123e-10,1.3192342936599647e-09,6.529158345431486e-12,4.243987417711393e-17,2.821035369750684e-15,1.6364235462630813e-08,9.1426954390382e-13,0.999999952635134,2.8833899670381972e-08
49568,0.035876152237317,0.37186836175330246,0.1262507501362311,2.2767368889279343e-05,0.0028967679187746715,0.006399898283960984,0.4399168695044516,0.004420829133037504,0.012347603664035466
49569,0.275425740524473,8.394747359324786e-07,4.696029739190384e-08,1.4757682335416185e-08,2.3513123997029644e-05,0.00046778642214596845,0.0012144033085677837,2.08617377044155e-08,0.7228676345663629
49570,1.9557952881046785e-05,0.9686591781411886,0.027916948691798567,0.0021211718784890387,4.147771445933941e-05,6.248046429809921e-06,0.0012153967033351812,1.906751232413278e-05,9.533590943747455e-07
49571,0.00010221693905181822,0.0011911216672878635,0.0013678804046340514,0.000557764563293306,2.8186230852371144e-06,0.8440136568507626,0.13498617113107786,0.017771179240894823,7.190579912242854e-06
49572,0.014530997254366587,0.392435211348623,0.21870492223876153,0.15490243383842947,0.01109482571660948,0.0011307045308974984,0.2026660796064359,0.001338570978064485,0.0031962544878119865
49573,1.891706134937573e-10,1.4171478687315877e-14,2.1796544431927327e-19,2.56334035383031e-16,4.6520015840268213e-10,5.7360180415717606e-08,6.995352179275974e-15,8.62982072596297e-11,0.9999999418991292
49574,2.0268521477800265e-17,0.9856416190110168,0.0143509690542026,7.4119287717847045e-06,2.4748780573537465e-12,1.0524454152739939e-15,9.55756188088955e-15,2.036970272418826e-12,1.486370339045106e-12
49575,0.0029712059171527207,0.00010876245352319637,5.532987392188091e-07,4.9256211329144125e-08,1.4770728488274483e-08,0.5768974909478097,0.060877544750363284,0.3591378822184415,6.496387030430741e-06
49576,0.0003468378320668212,4.548746989192469e-06,9.052466868303888e-08,8.178689873348038e-10,8.193796715827934e-11,0.0005109999083672472,1.164550716531947e-07,0.998898065714538,0.00023933991849160174
49577,1.017404833178357e-05,6.617670225888232e-11,1.5473963189780192e-13,1.4470458778655562e-10,7.279135381029701e-09,0.00016002037518081277,1.0143600921843913e-09,4.907975229050377e-09,0.9998297921639806
49578,3.7387419186238453e-07,4.179978512396889e-06,4.84559002600909e-07,7.79454397213742e-10,1.115139429443588e-09,2.0172137734047024e-06,2.224377611006646e-07,0.9999725743426963,2.0145699468401214e-05
49579,7.906387058522137e-32,2.064789387536871e-30,1.6027121737569322e-33,4.210234075843991e-25,6.491814323170801e-31,1.0,1.839366445180109e-22,6.958357876181907e-22,2.321902524308501e-30
49580,1.2946920252193953e-07,2.4135520392653528e-05,2.6247073473758795e-06,0.002989477629542924,7.797221349581898e-08,0.9968911764871281,1.7352033140762466e-06,6.125663842000894e-05,2.9386372438946284e-05
49581,7.2820959450683896e-06,0.21211790006586811,0.7751358540578985,0.0012553528048281643,0.0053667575918076235,0.00032699722460807946,0.0029931102126685713,5.3926843076808735e-05,0.002742819103299205
49582,7.926684769901778e-05,4.625924039127862e-05,5.9008094662715155e-08,0.0002092996660426859,0.9986050224075685,1.7202853413228501e-06,0.0006890895424868886,2.7919216687839287e-05,0.00034136378568748265
49583,0.021112997605607996,7.080499192242688e-13,5.234550516139987e-14,6.122175247730631e-11,2.9804950279103496e-09,0.039488280449824276,6.699402053271438e-07,3.4763399618240746e-06,0.9393945726219235
49584,6.141317028384455e-07,0.3563252635489097,0.6422230343112345,1.3860773454449594e-05,1.634721925452391e-05,0.00026144433134945525,0.0007750678717011775,0.00035253341785419193,3.18343945390157e-05
49585,6.350343178133647e-14,0.9996870662800715,0.00031240937744378785,5.239124498967666e-07,2.9882131778019185e-10,3.860809190259055e-13,3.3510724196032273e-12,1.1924685796860605e-10,8.165940333547678e-12
49586,7.762512662326572e-07,0.8612619328014721,0.13766586357454733,5.223563922905459e-05,7.93259161677247e-06,3.2443206797805626e-05,2.957301308119733e-05,0.0008026074111885592,0.00014663551080094177
49587,2.497647743664917e-06,0.2515445294009177,0.13539478621934609,0.0074752121702240685,0.003425670666967277,0.5658698857967586,0.03436085243090389,0.0018980521732494683,2.8513493889365887e-05
49588,0.06794009603568357,0.000698042058769453,0.0005478285391412853,0.00032713511743397226,0.00010791961895081045,0.06981137882596086,0.8518406045409905,0.006515830499439838,0.002211164763629595
49589,0.003929107334712588,1.826886014743395e-06,2.9966985006917736e-07,0.004822825625131837,2.5898744668875585e-08,0.98901023841787,0.00026488143038351107,0.0008173509219222969,0.0011534438153705166
49590,0.0004791327359221633,0.8994720231223653,0.06944132697073235,0.022772247157815898,0.002824452344043979,8.985514867939323e-05,0.0037545132152671627,0.000865688893388624,0.00030076041178518214
49591,2.3814512806739126e-05,1.0874237964235488e-05,2.48080468800518e-05,0.00017396725097503318,7.399532992886722e-07,0.0058867270249671946,0.9938743527636246,4.697589725510067e-06,1.8619757341286514e-08
49592,1.3073775464946578e-29,1.5653725001606515e-28,3.842793115800269e-31,1.2293834105563693e-22,3.2368815198058054e-28,1.0,1.1068118239775435e-21,2.3158419186497083e-21,2.7648988697833065e-28
49593,2.0016075074445037e-12,0.45420939262847865,0.5438862392034465,0.0018944323489416084,2.186636358600961e-11,1.335861634307426e-06,7.0663079169235115e-06,1.5336239696785668e-06,1.7443095876540432e-12
49594,9.613144999123437e-08,8.541260156028871e-06,3.988640709822487e-09,4.377263279251966e-05,0.9999308073563925,5.1059907341468166e-08,1.3632558017428224e-05,1.8066196723852153e-07,2.914350676225827e-06
49595,8.946209512944619e-06,5.797288510257181e-08,2.651454649260997e-10,3.94958716197455e-09,4.110003626993657e-09,0.9971825479092806,0.0027823705709947425,2.5631031651708563e-05,4.379809386472013e-07
49596,1.2882016775564526e-06,1.7570697287680296e-05,4.938816003264996e-09,6.653203135886566e-05,0.9998104279004822,6.522280687055518e-08,9.796238109386332e-05,3.4543556081182443e-06,2.6942708687380926e-06
49597,8.384172417234995e-16,9.849633454717002e-05,9.274451163046302e-17,9.042926577084071e-07,0.9999005993705398,5.239139544799932e-16,3.5227191271850056e-14,2.8810464560599444e-14,2.19010025931622e-12
49598,5.549769694882669e-06,2.7848982057302292e-05,1.1528460865562792e-07,9.625942182501511e-09,5.1264924036581046e-11,0.964940951053485,0.0011886643852237718,0.03383680264914595,5.819857741186229e-08
49599,7.188241647981762e-05,3.439785728760068e-05,1.2618890539093516e-05,7.951998801693953e-06,1.150746131578984e-05,0.020142680626364658,0.9797087828350068,9.73739830446738e-06,4.40515900005769e-07
49600,6.658168226892699e-07,8.136388921020288e-15,3.708182627920591e-19,1.375978493360473e-12,2.0313760794236294e-14,0.9997486127438197,1.2106040634044894e-10,4.788230116876534e-07,0.00025024249388099927
49601,0.00035715902154570225,0.0053791585215886,0.002164468740175477,0.0009214187934594161,2.0434380020602746e-05,0.026184646039918356,0.007501880676685265,0.9426833634595697,0.01478747036703673
49602,7.238486319807751e-07,6.855533470116417e-08,6.783932345212451e-11,9.37587793231523e-13,5.441319660206979e-09,3.42060858906275e-08,1.1488973895112319e-07,0.9999981043975241,9.485925880827481e-07
49603,0.00040467726323334874,2.4541966141936697e-16,1.1610644667200899e-21,7.114950224696318e-18,9.47076051892179e-15,0.00013066707054655032,2.14268693787185e-13,9.334398920835853e-08,0.999464562322007
49604,2.53540882576541e-07,0.7497584614790299,0.24405014283672236,0.0061635782170159775,7.310031974836568e-06,1.5345026192316454e-07,9.548505580541546e-06,8.73666493100602e-06,1.8152736007519424e-06
49605,0.0003638126104245608,7.879995279965209e-11,9.291198550807138e-15,1.654525752681738e-22,4.0057978523356335e-15,6.876247106181282e-12,1.2039202439378506e-10,0.9996361772242285,9.959265357392393e-09
49606,0.06052619009270147,2.3511071314348895e-09,6.88191997013162e-14,6.360459920818313e-17,1.6132893309241579e-09,1.066034559758058e-08,7.106643921690161e-07,0.9394687920584122,4.292559683332965e-06
49607,0.029933373335613377,5.020712325462458e-06,3.3024761180742576e-08,7.174241166846959e-07,1.2350560365989182e-06,0.7730195017833825,0.0006007588781502841,0.1881038837158393,0.008335476069774573
49608,1.1322374066287322e-10,2.2045798239124949e-13,1.309736195413493e-17,1.6320835741927852e-11,2.2730382727405224e-15,0.9999997992458877,1.9264997129663066e-10,1.0997401304920367e-11,2.0042069775352697e-07
49609,3.5038465979313783e-08,0.9781038755541333,0.021122461045819354,0.0007692051328767248,8.420225072021924e-07,4.617663490061586e-08,1.4933302493101173e-06,1.9298339147686245e-06,1.1186539861204141e-07
49610,1.6842584490405205e-05,0.9047278364239937,0.09159429691712037,0.0009938282753919204,0.00015039158052038222,6.298071559750095e-06,0.002389858704121617,0.00011739713821905037,3.250304582817336e-06
49611,0.745174408733144,0.0005445556997445341,5.466853084307671e-08,6.214079356137511e-12,0.00012191398293499411,6.591985177494147e-07,1.7019250612027205e-05,0.008174337405840275,0.2459670510544614
49612,1.1664904397140167e-11,0.9317420320761524,0.0668622296977358,0.0013957258150971489,5.1921866759065194e-09,5.364093552836337e-12,1.1869893206886441e-09,4.677558007525105e-09,1.3372515812125855e-09
49613,1.5107185261177713e-07,0.007875058088175624,3.526906173186886e-06,0.00011436672020377166,0.9919400496066422,1.1864622889867188e-06,1.1033871331099414e-05,3.2011167512404456e-06,5.142615658113222e-05
49614,2.232107981084e-07,9.89870798077367e-09,2.0810216329691276e-11,1.1877276279068793e-07,1.925322445413519e-12,0.9999877082760219,1.306979290059149e-07,1.0145721240085491e-05,1.6633998047148132e-06
49615,3.853531298969536e-05,0.6530469625830984,0.3049446238538368,0.0401523620775848,7.380977023596246e-05,1.9019628096893737e-06,4.620826114644025e-05,9.303886497463169e-05,0.0016025573133235797
49616,2.8148192261852257e-26,1.5620983132328917e-22,7.989287619537993e-25,8.937741052879635e-19,1.5514563034757373e-23,0.9999999999999991,7.700718883289493e-16,1.2046611060340604e-16,1.205080805501693e-26
49617,1.585439985393691e-08,7.722556243326009e-10,1.1579913800165873e-12,2.636096916711771e-11,1.1416775921523646e-11,0.9999656131025632,1.7472004894496022e-08,3.4172052239863244e-05,1.8070760105148776e-07
49618,0.029847819478309976,1.2154672618557035e-05,3.91867754746353e-06,0.0003251113032571847,7.227137308186742e-06,0.5071529944846509,0.46139683678530585,0.0010039175370181728,0.0002500199239836567
49619,2.6360574632771685e-14,0.006845268864335298,8.973407070214923e-05,0.9930649962194484,1.9453377215705133e-10,1.1592058855472913e-13,9.305594355215184e-13,4.106170496814141e-12,6.458012023366484e-10
49620,2.6739261948936147e-05,4.907016979413225e-09,1.1943055421788063e-10,1.3675866080375973e-07,1.717608787180245e-11,0.9999177211144934,5.2289113985069966e-05,2.9738366272528e-06,1.348706610586322e-07
49621,6.285237979342993e-08,0.9555082738191276,0.04103919391784155,0.003433203899932585,1.4768085111976811e-05,3.161087195542419e-08,1.0804967959078416e-06,5.547699360503982e-07,2.8305480025213015e-06
49622,1.9731919554472885e-15,0.901674801907528,0.09831901038343646,6.187594905112619e-06,1.708048168254935e-11,7.145846064284338e-15,1.8243096422205405e-12,9.239538945995129e-11,2.821277025826589e-12
49623,5.0192695328565636e-05,6.31337250963238e-11,2.0982443733829932e-14,1.6132888861205893e-18,1.5023601905030716e-15,3.6965077027225196e-08,6.761449845673654e-11,0.9999496434992332,1.2670959052727038e-07
49624,3.834983963640749e-06,0.8815315756881745,0.030956271199425935,0.087250376898298,6.667931823872067e-05,2.330496717041769e-06,0.00010004105989026801,7.75040274406557e-05,1.1386327851066632e-05
49625,6.422708036356422e-19,2.4947627526599234e-17,3.4476572417943987e-19,1.181932733311548e-13,5.188394300471595e-16,0.999999999999565,2.5759598256809174e-13,5.862572185976229e-14,1.2384916744085869e-16
49626,1.5320742640327393e-05,0.9768719650506752,0.012632178097515236,0.009516348898300773,0.00017124436417998898,1.0518592922811204e-05,0.0002009673232605925,0.0005549472027682891,2.6509727736711905e-05
49627,0.027209428936222958,3.5544750004999175e-06,7.943628322842299e-07,0.00204241995589057,7.524858971274232e-08,0.7390283934800184,0.23120852448459142,0.00044458497353803056,6.222408331609742e-05
49628,5.456108703430639e-05,0.9744429621010542,0.017923088249664366,0.0022137940434375386,0.0043485374650294294,3.878424955513547e-05,0.0007065402092866519,0.00010616101522968577,0.00016557157970886318
49629,0.00012840476684096482,0.8614418841263141,0.1067074161322115,0.02905524147115851,0.0011544099470747304,9.71829793732181e-06,0.000984034797963108,0.00029730791089075645,0.00022158254960905313
49630,0.00015995246202212335,0.29931572937058193,0.6412226880610967,0.052503241028721045,0.0001831427006706748,2.123112599006185e-05,0.006407475284718397,0.00011387224717323314,7.266771902596682e-05
49631,0.9551497478431039,6.926485852194558e-07,8.910436618079649e-09,4.311285151903844e-07,3.572075644118536e-07,0.0026831849068022257,0.0023649758683365837,0.03411504763542433,0.005685553851231489
49632,0.00013442827383025255,0.018319801171675983,0.009847212731858807,0.01894023880950569,0.00011971170604482735,0.2988916505052347,0.6519821155302346,0.001763300118860006,1.5411527552049229e-06
49633,8.890756402825694e-05,4.058960874689474e-08,2.3990397592261786e-10,5.231724202776824e-13,5.918322399891477e-11,2.905279578065584e-06,8.454295195684268e-09,0.9998888424142804,1.9295398598954825e-05
49634,9.108246107303933e-05,0.5211782229353625,0.015528026895287999,0.45919670478491204,2.4906132876144405e-05,0.0028400218673778972,3.977767333045012e-05,0.00033485897349509427,0.0007663982762848353
49635,0.00013420691039566114,0.0001854814503667844,8.95258146822127e-05,1.0248932664380025e-07,2.7979461932785196e-07,1.7438067603394198e-05,0.00013864314743402127,0.9993310376058361,0.00010328471973607476
49636,3.352024416843039e-10,4.266582224093499e-06,8.365746682274637e-09,7.826079915560419e-15,1.0832705950340718e-16,0.0005009848883570651,8.040363800500805e-06,0.9994866994637605,9.010577131639958e-13
49637,4.5743345849630936e-05,0.013430041476811897,0.005733626487375948,7.242344970684417e-05,1.3983464353299767e-06,0.00024038818425233243,0.9804759229649752,4.554529181024419e-07,2.916746082383692e-10
49638,3.2146224888253344e-05,1.1992563014981397e-06,1.437398611093523e-08,0.29548823441986316,2.495351030817098e-06,0.6742440856240316,8.470804880476154e-07,1.5925791044965182e-05,0.030215051878365533
49639,9.109708558561708e-06,0.7918622185773729,0.19925294433685628,0.007360961002480185,0.0008807110691161728,1.685771135577133e-05,0.0004682300830598184,8.321675363440098e-05,6.575075756581904e-05
49640,4.3964423015752326e-08,0.12065790057028285,0.8732444241680486,0.005967660596545813,1.7910254775400013e-07,6.634573246246103e-07,0.00012171025150141065,7.38541943627773e-06,3.246988963671392e-08
49641,0.32868352362919034,2.702615360223583e-06,5.612178716190559e-09,6.066241123830488e-07,1.6820633765918643e-05,0.0015005863544338674,2.2015910644631966e-05,0.010607193723060382,0.6591665448972536
49642,0.9995545932012991,3.506541648602353e-06,2.657695988339685e-08,1.261483009355627e-10,1.3315496296851532e-09,0.0001507045523887531,0.00025090214696029447,3.725986165920444e-07,3.989292442892222e-05
49643,9.898234230242815e-07,0.392910897071145,0.4743962325667554,0.13251702173700391,2.3525690387081897e-05,5.709220501400855e-07,1.8738881029941062e-05,7.454691826623089e-06,0.00012456861637891026
49644,6.543106026719829e-15,2.5671128470572252e-14,6.89199093016302e-16,3.85787653292426e-12,6.190303772209502e-16,0.9999999997615223,1.2799867643021013e-10,1.0658604844488953e-10,1.3744771286503514e-15
49645,4.7587731855254427e-07,3.473823111939271e-08,3.32162410719128e-10,1.519606785253881e-07,4.6157947274062586e-09,0.9999937454916683,5.552678064956118e-06,2.141423629612077e-08,1.2891845079791684e-08
49646,8.103240630323661e-07,0.9713922289135059,0.026181313623273146,0.0019864880285547755,0.0002800976532237819,2.8461035034706606e-05,9.825000123543145e-06,2.8828165092137507e-05,9.194725712880107e-05
49647,2.1087569608580062e-10,1.0875679616719362e-11,2.3808732198899744e-14,1.61435016517223e-12,6.836852463374801e-12,0.99999636089356,7.568196710613179e-09,3.628689588271499e-06,2.618428459662579e-09
49648,0.03656118777254652,0.00046975295298300564,2.0117462224919226e-05,1.5520825570372024e-05,1.5652240123233412e-05,0.049858778053278104,0.09950125828016489,0.8130084305948518,0.0005493018182570228
49649,2.559040731007772e-13,0.9915248027761399,0.008411962802247609,6.323230121876126e-05,1.370381465961461e-09,4.873654857463865e-13,1.2458069924240816e-11,5.2567095177498e-10,2.1113992925788822e-10
49650,0.00020189741463602848,0.09091412548269003,0.07327984572470407,0.0019928351637937907,3.312841744738736e-05,0.49974960436866767,0.22688419097253865,0.10690392417619464,4.0448279327575626e-05
49651,4.3246646594208704e-06,0.20480166393235477,0.6519458532530324,0.0009080376047488793,5.631838346208807e-05,0.05592671881844009,0.07566834638024446,0.010674314661748072,1.4422301309803724e-05
49652,0.009322896764126615,0.001914465718225954,0.0002690063152210269,2.26649410892722e-05,1.57656822896315e-05,0.004201832147698022,0.0015346144411109847,0.9528467759421849,0.029871978048053333
49653,8.688803612064215e-10,0.9985974070256238,0.0007735448518902392,0.0006282898019820875,1.729415407160292e-07,2.2812699904639496e-10,1.0109505635429645e-08,5.696789172362528e-07,4.4935329494445e-09
49654,1.3198724530277626e-05,0.7577269150521055,0.21774647807074718,0.0005507312625162282,1.1088822153364835e-06,2.613927378977558e-05,0.02386422020991584,7.119684258288927e-05,1.168159701549586e-08
49655,3.8668932339564354e-14,1.9011331752329115e-10,5.191542170161495e-14,1.5248695357840248e-17,5.745770343501108e-19,2.778200792077199e-07,3.0024865507644293e-16,0.999999657172424,6.481729272448446e-08
49656,3.1475794145819934e-07,5.832374407921675e-14,1.14559741455956e-18,2.0735049130152513e-09,5.833742309532773e-17,0.9995712768152831,1.9010443875470744e-14,2.990337779994303e-05,0.000398502975393227
49657,6.256968707832272e-13,7.396594300392584e-05,1.4436105859687826e-13,1.230018627194477e-05,0.9999137330251524,9.416019894090687e-13,5.112150257593721e-11,8.612476705649243e-12,7.841260362613334e-10
49658,4.227419288575615e-07,2.2585464558635743e-05,3.0004337770945866e-06,2.973336849877967e-09,1.0118885906755934e-09,2.9845266624306797e-05,1.691838879863439e-05,0.9999262517478823,9.719712049017385e-07
49659,1.1400107031241069e-05,0.5715369222472622,0.023774271017694977,0.40232203149591855,0.0020295954845555913,2.5383236038546275e-06,5.373702070226671e-05,2.1969193130044742e-05,0.000247535110101368
49660,7.039838806820829e-07,0.8463280026007792,0.15290017807182527,0.000675526357431201,8.708471743910818e-06,4.6263280299564245e-07,6.630300679424627e-05,1.948194635053723e-05,6.329283917985574e-07
49661,6.66691388369665e-09,0.9056374547898383,0.08907221740116832,0.0052855762760285335,3.4391891363213173e-06,5.499961680260152e-09,4.463374293447106e-07,3.295013820949754e-07,5.243381414357418e-07
49662,0.0542852231087041,3.731595435973873e-05,2.1247414569280027e-06,0.00031780397787874653,8.062906645318156e-05,0.3614672068518098,0.001024207686663258,0.0019133726062727976,0.5808721160064015
49663,0.0002569761359434197,5.739626508711034e-08,1.3894022335649062e-10,3.88932769693332e-09,1.5313973306134769e-06,0.0031312890574484034,2.511327813416097e-07,0.00043678587261602466,0.9961731049793471
49664,0.000228739131396251,0.37393466990157626,0.5801022009723261,0.03919976390238701,0.00030925638538441654,2.294303231110216e-05,0.005934403988870221,8.535695502508975e-05,0.0001826657307235025
49665,1.0639483657839068e-19,4.521953450840067e-16,2.603541590109109e-18,8.175229441298902e-15,2.3897344397825033e-18,0.99999999985059,9.332179689711123e-14,1.4930796371959214e-10,3.7594045726121093e-17
49666,0.11868558624268576,0.00010955591088021086,1.3021653632082823e-06,5.989699160766131e-06,4.874680832261941e-06,0.09981469670839681,0.003143599789500466,0.7380698313260011,0.040164563477179505
49667,0.008339537038129168,0.7378833417932928,0.05979680657749798,0.18448980129740822,0.0008958142037968433,1.0271285368762819e-05,0.007933349054155724,0.00033565972286503994,0.0003154190274854871
49668,5.511972241694163e-10,1.4304002765541132e-09,4.361293162520906e-12,1.969763730713898e-10,1.2340004087027981e-11,0.00010144548111601984,9.394723418725191e-08,0.9998984125314856,4.58448888408561e-08
49669,0.005905897417033689,1.122687205498778e-07,3.3510588555311236e-08,1.1792408878462885e-07,1.3401726174888504e-06,0.0009443892719284714,1.7063514157525196e-05,0.00039452618818112235,0.9927365197326838
49670,1.5364018420992306e-08,6.298464745586672e-08,8.972403358672359e-12,2.050742837838987e-11,9.901104802976032e-12,0.00012956907815429318,7.06640547501176e-11,0.9993580320168018,0.0005123204463329885
49671,8.250060302342733e-06,0.0799267754919368,0.9106692139523684,0.0069522471749239225,2.2629801295080018e-05,6.352008386035948e-05,0.0020339358289949818,0.0003059212991514839,1.7506307166521332e-05
49672,9.666327226372377e-06,0.9335555268193568,0.0008980332988125534,0.01808179543676606,4.640878075390713e-05,0.0027150699427817833,4.4685855849451486e-07,0.0001231056389190205,0.044569946896824954
49673,0.4041702210056175,9.821981576662967e-07,2.8618119135677953e-08,9.004551979754719e-08,6.440209303457272e-07,0.00010047332633359753,8.01349772611113e-05,3.238192069042729e-07,0.595647101988854
49674,2.5343420116950588e-05,0.3998253080474427,0.04034860615922675,0.5587288363288615,0.00017899047765294795,1.308758953548136e-05,0.0006308108857714464,0.0001696652721111387,7.935181928104292e-05
49675,2.182553491817742e-06,0.17501804668898738,0.818705019275584,0.00025515623462199504,0.0015996311973018628,0.0001471109291168377,0.001714291426157447,3.027648025323548e-05,0.002528285214485338
49676,0.9998623236402885,4.2623598706182065e-06,3.4052782341326934e-09,1.0190401382097049e-10,1.5691014905830185e-08,2.888414420132976e-07,0.00012566472019196224,1.3501932612332908e-09,7.43988981639429e-06
49677,4.6829582414364715e-25,1.9439427871677784e-24,1.3815773175942205e-26,1.637197204877152e-19,4.55735926087283e-23,0.9999999999999998,1.6611188102703745e-16,3.0333792903087832e-18,1.5588931663827448e-24
49678,3.02494967724846e-06,3.96817745814497e-05,0.00012516187556146173,3.4971794114442825e-05,4.960322184016625e-07,0.13300785780194752,0.866788250875344,5.542230159314664e-07,6.735397276187555e-10
49679,1.1075380180971454e-06,4.66829723318596e-09,1.1650211800267504e-12,5.0825496849715174e-09,1.1432847112793e-13,0.9995584712775952,4.848776370848896e-06,0.0004265294335998388,9.033222289983963e-06
49680,0.9938795619599797,0.00010294312273175824,8.589962724597379e-07,7.829072857690652e-12,2.946777493654127e-08,5.313532175734141e-07,1.1601636809783456e-05,1.294344589280464e-07,0.006004344020925789
49681,1.3521025448330416e-32,7.881610931666812e-30,7.964713413761529e-33,6.810818861489245e-24,1.4850936541022012e-29,1.0,2.5153870431463105e-21,6.829353211212494e-23,1.5428491308038295e-32
49682,1.8559685415012088e-07,0.6776127008499303,0.32204169508147784,0.00023756950123465545,7.620946731734667e-07,3.2896078773373313e-07,6.336741270580789e-05,4.324876911583004e-05,1.4173322053672946e-07
49683,0.007895245478339044,0.898181866724072,0.06583929585715319,0.01435323983200861,0.0011259108091283103,0.00017239079273390144,0.00775532143719991,0.0038013656730924122,0.0008753633962725565
49684,0.00031018681394869073,0.7645178648889503,0.21505984257545574,9.764752301854687e-05,0.000639808475511391,0.0026395865667775166,0.009744633154095968,0.005943994439419631,0.001046435562822093
49685,0.13405603960019727,2.066522129321671e-14,1.1219379499752881e-14,5.78901041089947e-11,8.731102741545085e-10,0.0006351835121939649,9.592829099374907e-06,3.0544833310758904e-09,0.8652991800729937
49686,0.00012497283100014873,0.9027963094018162,0.06999963574997319,0.02490057710721781,0.0003445425055811735,9.634858221916334e-06,0.0014289906265437912,0.0003597468036002185,3.55901160454832e-05
49687,7.659535639164542e-07,0.8866916449376763,0.11132598336581896,0.0019446816129286928,1.4219329130275733e-05,2.5067567235267157e-08,2.118567107302062e-05,9.056553824718208e-07,5.884068589152345e-07
49688,1.5200031257813278e-06,0.0027843908076837,0.00020925861676657868,3.6117352041783157e-07,1.711952088209339e-09,0.01362138951702081,8.231792828581973e-05,0.9832996240891512,1.1361524936887758e-06
49689,0.0008502208151856239,3.774950631489277e-08,6.250108778136879e-09,1.0464909670868356e-05,4.4328598196075354e-09,0.9986731674661066,0.0004395175610711338,1.905862798963584e-06,2.4674952691857167e-05
49690,2.2767963869500745e-05,3.2649998538456327e-06,1.176634907538039e-06,0.0002843072239593565,1.3722664376845324e-07,0.00011586061068519151,2.9902004372769277e-07,5.573371050551592e-05,0.9995164526095316
49691,3.2895091132269404e-13,6.7421472339033645e-12,4.307829040420844e-13,5.247413094283943e-10,1.050714737814966e-12,0.9999999260064668,7.230311962837603e-08,1.157096789274376e-09,2.2770414191772978e-14
49692,0.009869151636205269,0.00015174117349188137,2.6000948907518003e-05,0.0025425123128478425,3.4539781434539244e-05,0.9788114953132769,0.006668399829934443,0.000314868917122557,0.0015812900867789542
49693,2.3140494663662942e-05,4.144432527146114e-05,2.685610926555963e-05,1.7405918246482766e-06,1.2753379036036119e-05,7.991351148808453e-05,1.5879831458239557e-05,3.5281287276305227e-06,0.9997947436282647
49694,0.00016407647205663633,0.6252577493403909,0.05359288677933308,0.2609150454034388,0.0005668925573628014,0.04594933080033656,0.001508085967678681,0.005426568019065605,0.006619364660336945
49695,0.9984046438742139,1.7291685836495334e-05,1.0017779619815097e-08,6.835902076969052e-10,2.3622659187265994e-08,1.4583274491012162e-05,4.469428705298046e-06,6.429787126195169e-07,0.0015583344340118523
49696,8.80451697800598e-33,2.8279678671609925e-28,3.3567795719860066e-31,3.998088266262209e-22,3.1781558153847822e-28,1.0,8.72061291464249e-22,1.1249799444580188e-21,1.9291782324651515e-31
49697,0.09020483355947467,2.1573276870763287e-05,4.40119790349339e-07,3.858297481106636e-08,1.0543678136062965e-06,0.0005529773361348396,0.0008476346745847359,0.907298164135084,0.001073283947272108
49698,0.002551883203912005,0.0022360455792378667,8.373949599231153e-05,0.0665248741542591,0.4838866147502289,0.03180273585800417,0.4084210832126042,0.0032546965833916254,0.001238327162369953
49699,0.0010515208049032645,0.20835237950320915,0.10782619711434624,0.6676941300551454,0.0004353980344132796,5.102780680314397e-05,0.014374922392898101,7.141215533009112e-05,0.00014301213295115565
49700,0.0009067316244553604,0.2523150133105854,0.5578203401904719,0.1853178404671585,4.186268063488735e-05,8.89055781681643e-06,0.0027036973223162025,0.00011869755381060349,0.0007669262927502347
